1000
-736.924
-82.6997
-562.082
357.729
869.386
38.8327
-930.856
59.4004
-984.604
-866.316
373.545
860.873
53.8576
307.838
402.381
524.396
-905.071
-343.532
512.821
-269.323
965.101
506.712
-854.628
769.414
-127.177
-44.5365
-450.186
-666.986
795.313
-878.871
9.04579
-361.934
-12.0466
-818.534
-852.502
-231.716
827.635
-71.1084
-899.832
540.409
-749.269
376.911
259.087
450.824
777.144
-387.356
26.5474
691.963
683.021
-169.211
-64.1653
-643.345
143.31
-933.892
-3.03976
496.585
781.475
684.079
-574.497
-739.145
-450.824
-171.413
419.639
-520.178
-364.921
304.117
362.692
-224.549
-704.934
691.151
910.818
-703.697
-182.467
129.797
-22.9709
922.19
-600.486
258.538
302.507
606.146
-47.1364
-593.499
803.347
-715.958
-179.374
771.297
-675.603
-269.322
-729.781
-89.3854
-95.3997
863.349
-569.503
817.844
721.72
11.9118
635.123
-75.51
265.477
649.395
404.413
908.83
-421.368
28.8693
-171.943
753.131
459.495
431.285
413.071
-961.815
49.9748
-869.612
-22.1137
364.098
833.268
780.037
-721.61
978.725
-107.953
29.3189
-120.549
613.3
-576.962
-692.791
232.701
-998.242
454.67
-164.553
361.124
672.84
657.416
-836.525
259.144
-572.906
-222.354
895.09
-461.571
-431.93
567.73
-435.688
-977.368
966.472
639.452
-203.713
-646.239
-684.538
-485.663
-796.725
269.435
589.54
505.881
266.86
196.433
-362.444
-765.126
52.2466
175.978
405.979
-676.625
720.451
113.672
-367.985
57.0965
176.238
-138.304
-259.547
-106.268
-224.338
-843.474
-492.155
352.474
457.217
889.506
880.326
-79.1317
322.711
211.279
-699.212
-312.365
45.6154
-970.099
285.958
835.695
940.173
687.951
-88.4968
-955.833
413.9
-126.723
503.42
391.358
507.725
-991.492
-840.166
806.602
493.358
-987.317
36.9568
88.0454
-568.348
253.723
418.64
-439.422
-256.181
-379.662
-792.405
551.761
-889.442
-679.452
-405.956
-44.3914
39.977
-699.377
667.364
155.552
-337.65
973.766
-996.685
-941.289
-20.6966
477.917
72.5335
-754.986
-623.448
228.251
-748.134
908.057
676.203
-481.972
-151.328
795.828
521.235
-96.2975
331.007
-580.875
93.9497
-648.051
-136.183
374.829
672.413
946.692
-839.294
538.875
-499.689
538.228
498.503
363.332
-927.265
-556.665
305.244
-257.069
-532.617
-668.145
-680.485
323.987
898.314
242.091
-964.111
443.743
-892.611
38.3497
-869.287
954.36
-341.888
486.548
-657.241
879.451
-490.085
-752.302
-679.834
-789.63
-262.876
-345.545
153.552
516.492
399.582
870.483
-275.833
-89.8552
-519.119
-156.843
-420.467
-567.228
54.8782
727.286
423.129
-234.357
-80.4745
590.705
-993.542
329.378
-626.351
-731.922
892.089
212.003
-305.017
19.3165
668.677
-341.131
263.527
-917.159
534.13
38.6064
-558.969
-822.015
412.923
-476.443
-243.268
-534.785
-61.003
954.477
-931.514
-936.722
183.176
-340.842
73.0565
-192.838
933.819
735.028
-703.219
279.047
863.829
630.814
145.613
890.501
-689.172
-312.773
-806.923
-955.19
713.752
349.049
396.921
-616.032
-308.257
-718.579
-556.687
172.032
-947.321
524.688
-845.351
851.006
-139.108
662.512
203.275
38.6733
-677.161
148.721
62.8546
334.099
97.4726
335.931
143.165
-117.374
4.54946
-936.687
44.1269
-929.881
-785.639
103.659
222.221
544.061
-26.6377
393.991
-26.301
420.9
-446.706
-439.793
60.9791
-529.195
194.952
840.505
642.355
-539.461
799.042
303.029
871.872
717.532
904.862
-754.1
404.943
-784.522
-800.269
-310.847
515.242
-338.483
146.366
-595.036
948.696
-16.3185
609.825
-680.84
-701.497
-238.783
-151.733
302.589
-879.715
795.314
802.436
-658.408
-937.192
44.4293
-445.604
173.724
623.791
879.743
159.725
761.568
-620.903
437.839
-854.262
758.12
-820.294
-166.407
349.386
626.094
538.72
793.048
-27.0586
-245.031
375.156
-846.356
-44.7184
-523.961
951.762
362.398
-275.2
588.556
-852.978
-32.2543
-0.685338
865.687
-707.609
-839.356
-183.645
926.32
-603.84
-607.385
151.358
171.349
-263.595
200.265
-702.425
990.801
-194.52
639.054
-251.501
-40.4428
292.99
598.07
-284.656
-331.386
-710.205
333.713
-370.602
204.499
841.659
33.0629
-471.733
667.296
269.239
-83.9083
-688.254
331.946
589.762
-422.691
-358.777
438.31
-536.209
-253.281
-852.299
132.365
-154.895
-413.913
-284.949
178.838
-73.8826
888.904
-899.037
191.854
728.343
-790.841
666.756
317.187
-962.168
-610.642
46.1449
439.59
674.164
319.775
286.053
69.7524
-353.142
-115.259
-446.665
-765.524
672.751
-334.143
71.9127
859.78
-513.543
193.446
-506.053
-607.644
671.994
246.485
343.296
742.568
-768.787
352.131
-90.9057
-935.461
710.165
322.851
-880.08
-441.014
-647.16
794.489
188.318
381.863
138.68
-130.994
-593.683
-455.114
-511.4
-46.0966
922.872
-565.18
564.949
920.11
146.8
-741.914
3.70749
10.118
-763.205
337.809
-226.585
662.193
-753.111
296.151
697.391
-788.875
-278.065
438.409
161.939
-685.691
-661.781
342.703
773.021
-316.304
399.278
583.965
-435.561
-660.078
-853.633
500.342
-670.801
546.405
-132.143
858.643
-467.426
585.56
-572.168
-238.745
857.055
233.126
-287.332
-604.199
582.281
-963.498
-770.941
309.258
-235.174
-337.417
828.736
-213.098
663.102
-740.781
884.139
-295.879
143.783
688.403
634.634
-129.249
-301.686
838.237
489.16
552.835
224.115
-370.785
-748.156
-733.413
-747.938
501.05
-82.1725
-530.648
367.892
708.473
-759.647
888.385
-879.475
-717.641
-545.023
198.388
-892.546
624.61
-936.323
948.934
342.159
-523.566
179.416
-544.475
-104.372
866.011
26.9979
719.021
218.936
248.01
288.78
-947.999
-584.501
120.649
-758.619
-724.569
85.2006
773.199
-274.814
-401.578
826.004
940.598
595.745
-102.559
387.852
-63.5814
-196.891
-65.5824
35.191
798.535
-726.012
378.268
-181.443
-937.49
-614.707
-450.263
-182.747
444.586
265.877
-999.449
-307.137
-15.5852
-362.901
-723.996
-226.174
-887.73
531.064
923.841
998.184
-300.435
-601.999
85.649
-596.766
27.518
216.04
596.901
-706.657
47.569
143.254
357.419
689.281
-335.855
488.149
-194.433
110.905
229.003
227.852
-920.673
-313.021
-657.213
-152.309
460.745
-268.712
-826.788
-163.669
-349.475
127.967
63.7204
-879.517
-779.736
99.03
-745.526
-881.306
835.954
717.022
98.6047
692.651
328.691
946.386
-681.307
-433.335
195.913
-874.228
898.788
-435.538
-138.351
-602.739
518.393
345.478
366.73
-663.035
841.871
-992.363
-643.696
336.547
34.9644
-66.0652
-812.713
-109.758
304.093
764.701
-592.173
-967.851
-781.834
122.266
-509.011
-939.92
772.703
94.8025
-25.9042
873.217
97.813
506.674
-655.083
-239.147
934.076
-397.221
780.906
-499.288
679.113
416.958
52.6002
-816.933
564.261
-384.282
513.253
290.692
-691.535
-89.6016
-675.144
-181.885
-665.429
970.862
-332.86
-291.347
-355.699
282.752
-924.634
-843.572
-17.756
-494.563
317.228
-996.671
-798.26
911.031
-669.187
-767.116
921.912
-559.219
-490.874
-513.978
98.4569
703.299
115.221
803.993
519.395
996.58
-249.92
491.044
532.627
283.33
-795.064
726.721
861.95
-417.668
950.8
661.338
-620.756
530.418
-935.322
-249.126
-613.705
193.895
98.957
553.968
416.797
767.129
989.322
-0.453702
496.87
379.415
-657.546
-434.345
821.706
-201.384
804.987
96.7303
-473.695
-528.332
-328.789
-94.2337
334.209
638.41
83.5925
492.568
517.398
-186.5
404.559
322.355
-447.213
-397.074
908.583
804.608
948.48
-180.084
592.076
204.013
-780.146
-853.923
-233.238
-218.134
118.218
398.059
-977.714
-225.234
131.38
-462.829
-676.759
616.62
-616.658
296.309
-854.29
-242.09
-13.4905
-567.509
-293.747
784.298
-121.699
964.336
153.276
-713.511
-0.329667
-834.805
-654.146
-250.757
-670.631
-509.146
582.313
-498.508
99.6274
30.5809
-296.262
-175.579
831.375
137.264
-198.954
612.71
-913.186
-739.802
938.44
-585.582
661.366
-387.877
969.844
-334.263
-835.211
363.312
-591.694
-672.127
-605.07
743.653
-818.509
-505.949
34.1396
735.983
193.405
973.458
645.597
372.862
255.997
-206.689
-159.897
-44.4826
627.245
-410.414
-51.3597
-141.517
-71.9343
316.129
124.612
335.247
304.93
-440.616
-989.637
-881.606
-570.681
-492.677
476.325
-53.6193
846.123
-498.691
367.819
-52.1558
12.7801
670.133
946.203
-702.593
-207.024
541.236
-91.0432
272.642
484.004
-455.729
-639.184
575.414
-845.49
682.232
889.621
891.926
-245.642
657.41
-542.798
722.859
909.303
738.027
500.208
-165.085
-192.585
-275.885
-592.148
647.159
931.673
-166.321
449.927
-169.799
206.72
974.86
-991.596
-739.645
355.665
-526.334
361.487
-708.014
197.559
-852.576
-594.072
465.197
916.43
480.954
-569.106
678.32
-562.751
-458.597
671.69
245.628
-84.5351
450.469
-174.328
-795.485
-128.455
-515.044
263.685
89.2805
-842.118
-903.471
-59.3397
-323.095
707.596
-442.873
406.664
740.752
-636.038
61.8612
450.583
-529.346
-524.507
644.601
735.777
-922.68
-24.5756
-289.495
-669.914
-379.345
-699.258
813.414
183.429
658.662
-577.315
164.234
-689.883
-384.95
-262.782
-930.058
